8
7
2
2
7
2b
6
4
7
6
1a
8
61
19
15
15
2
f
a
5
9
2
a
6
9
7
9
1e
3a
3a
4
192
63
33
f
b
1
12
8
28
26
1
6
3
22
1
c
55
292
7
1bb
f
21
2
2
8
1
1
1
1
3
1
5
1
1
2
3
e
8
1
2
2
2
f
2
2
1
7
4
1
1
3
4
2
2
2
2
2
43
9
128
3f
1
1
1
1
33
40
1
1
1
45
18
30
7
1
a
7
2a
44
16
12
9
5
6
d
9
19
3f
4
c7
101
4
15a
3c
16
7
1f
10
1c
e
40
4
6b
9
6
1
6
6
12
80
e
f7
52
2
a8
4
3
e
1d8
4
e
2
ac
1
1
22
2d
19
2
44
5
13
6
22a
16
8
3b
8
6c
1
8
103
2
2
2
38
14
8
3e
8
4c
14
9
4
7f
3f
a
2
2
f6
2
28
1
1
2
4
8
1
1
5
1
e8
1
4
4
6
6
5
15
1
6
22
2
2
2
14
1
2
f
180
2f
4
9
2
