0.004551410675048828
0.0
0.0
0.010162353515625
0.004118442535400391
0.0026235580444335938
0.0072972774505615234
0.009051799774169922
0.0179293155670166
0.013553857803344727
0.013857603073120117
0.00780940055847168
0.004218101501464844
0.0010004043579101562
0.004209756851196289
0.018125057220458984
0.009128570556640625
0.0
0.01396799087524414
0.01845526695251465
0.012743234634399414
0.01048421859741211
0.010671615600585938
0.015746593475341797
0.013077735900878906
0.0
0.01963329315185547
0.0
0.016664743423461914
0.019053936004638672
0.01156926155090332
0.01704549789428711
0.013414144515991211
0.0
0.022748708724975586
0.005316734313964844
0.001993894577026367
0.0
0.016761302947998047
0.02875995635986328
0.013471126556396484
0.014837265014648438
0.024302244186401367
0.008091211318969727
0.01563858985900879
0.005690336227416992
0.011481761932373047
0.007792949676513672
0.0027616024017333984
0.016911983489990234
0.017869949340820312
0.011431694030761719
0.0009832382202148438
0.0032770633697509766
0.009273529052734375
0.014433622360229492
0.011404037475585938
0.016208410263061523
0.021328210830688477
0.012120962142944336
0.026482105255126953
0.031191587448120117
0.0165863037109375
0.011072397232055664
0.022252321243286133
0.016948223114013672
0.01389765739440918
0.02156352996826172
0.018039941787719727
0.01705479621887207
0.02480936050415039
0.013575315475463867
0.01673269271850586
0.017318248748779297
0.01942157745361328
0.015793561935424805
0.015001773834228516
0.015629291534423828
0.015434503555297852
0.016303539276123047
0.019670963287353516
0.019289731979370117
0.013341665267944336
0.012624263763427734
0.007825851440429688
0.022791624069213867
0.014358997344970703
0.012637138366699219
0.012151479721069336
0.013074874877929688
0.011907815933227539
0.01930689811706543
0.004123687744140625
0.025716781616210938
0.011589527130126953
0.011053800582885742
0.017627716064453125
0.018530607223510742
0.022745609283447266
0.015977859497070312
0.014260530471801758
0.018887758255004883
0.022778034210205078
0.01703643798828125
0.008647680282592773
0.0
0.013294696807861328
0.005156040191650391
0.01583266258239746
0.027863264083862305
0.022098779678344727
0.012779712677001953
0.0
0.010365486145019531
0.016254186630249023
0.010533809661865234
0.011811256408691406
0.015091896057128906
0.0
0.0137176513671875
0.020476818084716797
0.016948699951171875
0.013862848281860352
0.01175069808959961
0.014068603515625
0.017886638641357422
0.012624502182006836
0.010527849197387695
0.00960540771484375
0.017099857330322266
0.011553764343261719
0.009367942810058594
0.00824594497680664
0.003241300582885742
0.008252620697021484
0.01030278205871582
0.01735067367553711
0.015851497650146484
0.010114431381225586
0.0
0.009905099868774414
0.008516311645507812
0.0
0.01342916488647461
0.012712478637695312
0.015149831771850586
0.009219646453857422
0.017254352569580078
0.014819622039794922
0.014519929885864258
0.01066899299621582
0.0
0.0
0.01471090316772461
0.020197391510009766
0.004474163055419922
0.0
0.01728677749633789
0.017000913619995117
0.007342815399169922
0.01896190643310547
0.01705193519592285
0.0
0.0
0.004000186920166016
0.009395599365234375
0.0
0.01678180694580078
0.012566089630126953
0.0047490596771240234
0.011352062225341797
0.006435871124267578
0.018442153930664062
0.0119781494140625
0.0157620906829834
0.008539676666259766
0.0
0.0021619796752929688
0.014837503433227539
0.0
0.01966118812561035
0.01498103141784668
0.0009975433349609375
0.010666131973266602
0.016920804977416992
0.009542226791381836
0.013318300247192383
0.01598048210144043
0.015515327453613281
0.012369155883789062
0.01805281639099121
0.0019991397857666016
0.009954690933227539
0.013152122497558594
0.013125896453857422
0.016184329986572266
0.0056340694427490234
0.008357524871826172
0.014787673950195312
0.004556417465209961
0.017486095428466797
0.009280204772949219
0.013422489166259766
0.012996673583984375
0.01435232162475586
0.0
0.025251388549804688
0.008460760116577148
0.0010030269622802734
0.006618499755859375
0.0
0.008217811584472656
0.0
0.010439395904541016
0.008629322052001953
0.009592771530151367
0.003484010696411133
0.004134416580200195
0.0
0.0
0.0060579776763916016
0.003753662109375
0.004981517791748047
0.0
0.011850118637084961
0.007638692855834961
0.011928796768188477
0.013689994812011719
0.013700008392333984
0.01945662498474121
0.014607906341552734
0.009093523025512695
0.01574563980102539
0.010931015014648438
0.013576745986938477
0.011615514755249023
0.0076410770416259766
0.006090641021728516
0.01596999168395996
0.00987696647644043
0.006796598434448242
0.01672673225402832
0.004171133041381836
0.01614999771118164
0.0
0.0
0.01711726188659668
0.016853809356689453
0.0
0.005496978759765625
0.0
0.008025169372558594
0.00995945930480957
0.0
0.008945941925048828
0.01275181770324707
0.01793360710144043
0.010097026824951172
0.010558366775512695
0.0
0.004009723663330078
0.007936716079711914
0.009413003921508789
0.0046024322509765625
0.010277986526489258
0.0
0.005565166473388672
0.011207342147827148
0.0
0.008566617965698242
0.005568027496337891
0.019021272659301758
0.0
0.002995729446411133
0.004033565521240234
0.005385637283325195
0.0
0.004930973052978516
0.0
0.0
0.003985166549682617
0.005036592483520508
0.0066699981689453125
0.0
0.007535457611083984
0.0020339488983154297
0.0061187744140625
0.01600027084350586
0.0024728775024414062
0.0021305084228515625
0.0009975433349609375
0.0
0.0043413639068603516
0.0026259422302246094
0.0
0.004559993743896484
0.005903959274291992
