0.0
0.0
0.0
0.0009963512420654297
0.0
0.0
0.0
0.0003311634063720703
0.0
0.0021660327911376953
0.0009975433349609375
0.0
0.0
0.0
0.0
0.0
0.0010018348693847656
0.0
0.0
0.0
0.0010008811950683594
0.0
0.0
0.0
0.000997304916381836
0.01607656478881836
0.0004258155822753906
0.0
0.0013506412506103516
0.0
0.0010008811950683594
0.0009970664978027344
0.0009641647338867188
0.0
0.0013418197631835938
0.0
0.0
0.0
0.0
0.0011219978332519531
0.0
0.0
0.0
0.0010120868682861328
0.0014224052429199219
0.0
0.0
0.0
0.0
0.0
0.002844095230102539
0.0
0.0
0.0
0.0
0.0009970664978027344
0.0
0.0
0.002132892608642578
0.0
0.0
0.0019931793212890625
0.0023338794708251953
0.0
0.0
0.0
0.0
0.0
0.0
0.0
0.0010192394256591797
0.0
0.0006759166717529297
0.0
0.0015413761138916016
0.0010235309600830078
0.0016367435455322266
0.0
0.000997781753540039
0.001009225845336914
0.0010025501251220703
0.002022981643676758
0.0009970664978027344
0.000997304916381836
0.0
0.001117706298828125
0.0
0.0
0.005346059799194336
0.0
0.0010149478912353516
0.0
0.01150202751159668
0.0
0.0009748935699462891
0.0
0.0029382705688476562
0.0010409355163574219
0.0
0.0
0.0011751651763916016
0.00099945068359375
0.0007026195526123047
0.0
0.0
0.0
0.0
0.0
0.001996755599975586
0.0
0.0
0.0
0.0
0.0
0.0
0.0
0.0
0.0
0.015861988067626953
0.0
0.006429910659790039
0.0
0.001996755599975586
0.0009975433349609375
0.0
0.0
0.0
0.001982450485229492
0.0
0.0
0.001001596450805664
0.0009925365447998047
0.0
0.0
0.0
0.0
0.0
0.0010001659393310547
0.0
0.0
9.083747863769531e-05
0.0
0.0
0.0009963512420654297
0.0009949207305908203
0.0009982585906982422
0.0007932186126708984
0.0018579959869384766
0.0
0.0
0.00458526611328125
0.0
0.0
0.0
0.0009989738464355469
0.0
0.0
0.0020868778228759766
0.0
0.0
0.0
0.005204200744628906
0.0
0.0
0.0
0.0009980201721191406
0.0
0.0
0.0
0.0
0.0009944438934326172
0.0
0.005635738372802734
0.001138448715209961
0.0031061172485351562
0.0
0.0
0.0
0.0
0.01583719253540039
0.0
0.0
0.0
0.0010204315185546875
0.0
0.0
0.0007479190826416016
0.0010385513305664062
0.0009970664978027344
0.0009961128234863281
0.005097627639770508
0.0
0.0009918212890625
0.0009975433349609375
0.0
0.0010218620300292969
0.0
0.0011632442474365234
0.0
0.007022380828857422
0.0009975433349609375
0.0
0.0
0.0009906291961669922
0.0007321834564208984
0.0
0.0010037422180175781
0.0
0.0
0.0
0.0
0.0
0.0
0.0009982585906982422
0.0
0.0
0.0
0.0
0.0
0.0
0.0
0.0
0.0
0.0
0.0
0.0
0.0020003318786621094
0.0004944801330566406
0.0019927024841308594
0.001993894577026367
0.0009961128234863281
0.0
0.0
0.005724906921386719
0.000997304916381836
0.0
0.0
0.0
0.0
0.0034301280975341797
0.0
0.0009965896606445312
0.0
0.0
0.0
0.0
0.0
0.0
0.0
0.0
0.0
0.0
0.0
0.0
0.0
0.0
0.004106760025024414
0.0
0.0010006427764892578
0.0
0.0
0.0035047531127929688
0.0
0.008819580078125
0.000997781753540039
0.0
0.0
0.0
0.0
0.0
0.0
0.0
0.0
0.0
0.0
0.0
0.0
0.0
0.007182121276855469
0.0
0.0
0.0
0.0009970664978027344
0.0
0.000993490219116211
0.0
0.0
0.0003628730773925781
0.0
0.0
0.0
0.0
0.0010008811950683594
0.003237009048461914
0.0
0.0
0.0
