0.006300687789916992
0.015856027603149414
0.0
0.001432657241821289
0.0
0.008782148361206055
0.009462118148803711
0.0038826465606689453
0.0
0.006055593490600586
0.009900808334350586
0.0
0.010149717330932617
0.0
0.0057239532470703125
0.009397745132446289
0.0
0.03265047073364258
0.0
0.0
0.00677490234375
0.005800962448120117
0.0
0.00911092758178711
0.0009970664978027344
0.001001119613647461
0.003552675247192383
0.017676591873168945
0.0010178089141845703
0.0
0.00410914421081543
0.0025229454040527344
0.0
0.0
0.002783060073852539
0.0
0.0
0.0
0.0
0.0020935535430908203
0.0
0.0
0.005401611328125
0.0
0.003465414047241211
0.018712282180786133
0.0
0.003370523452758789
0.0
0.0
0.006997585296630859
0.004888057708740234
0.0
0.0
0.007848739624023438
0.004292488098144531
0.0
0.0077555179595947266
0.005295753479003906
0.0
0.0
0.0
0.0027794837951660156
0.008931159973144531
0.0
0.0
0.0
0.0
0.0
0.0
0.0
0.0
0.0010039806365966797
0.0
0.0016605854034423828
0.003448009490966797
0.0020275115966796875
0.004599094390869141
0.0010128021240234375
0.002621889114379883
0.002355813980102539
0.0009975433349609375
0.0019359588623046875
0.0027916431427001953
0.005072593688964844
0.0021648406982421875
0.0
0.0
0.0010221004486083984
0.0
0.0
0.0010004043579101562
0.002001047134399414
0.0
0.0
0.0
0.0027551651000976562
0.0020303726196289062
0.0033903121948242188
0.0
0.001001596450805664
0.0009982585906982422
0.0062901973724365234
0.0
0.0
0.012781620025634766
0.0
0.012249946594238281
0.0
0.009946346282958984
0.0
0.007969141006469727
0.02278923988342285
0.0
0.010807275772094727
0.010401725769042969
0.020209074020385742
0.0
0.0010066032409667969
0.013538599014282227
0.017913103103637695
0.0
0.0010008811950683594
0.008890390396118164
0.0
0.01775360107421875
0.0
0.0010139942169189453
0.0
0.0
0.0009996891021728516
0.0
0.011703014373779297
0.015911579132080078
0.0
0.0
0.006911039352416992
0.0
0.006166934967041016
0.018387556076049805
0.004676103591918945
0.0
0.0
0.003902912139892578
0.003720998764038086
0.014552593231201172
0.008835077285766602
0.007866621017456055
0.02508711814880371
0.022343158721923828
0.015243291854858398
0.017648935317993164
0.017400264739990234
0.012033700942993164
0.007749795913696289
0.02814030647277832
0.039928436279296875
0.03574848175048828
0.009971380233764648
0.04146313667297363
0.02520012855529785
0.027492284774780273
0.023439407348632812
0.026842117309570312
0.01940011978149414
0.030772686004638672
0.02762317657470703
0.028474807739257812
0.0
0.0
0.0034477710723876953
0.017944812774658203
0.032270193099975586
0.02575206756591797
0.02562117576599121
0.015731334686279297
0.03226804733276367
0.03385305404663086
0.012202262878417969
0.023052453994750977
0.017896175384521484
0.0367884635925293
0.022768497467041016
0.0
0.012367486953735352
0.015961170196533203
0.007599353790283203
0.011434316635131836
0.009113311767578125
0.0
0.01728987693786621
0.015166282653808594
0.019067049026489258
0.0204927921295166
0.03169989585876465
0.01775527000427246
0.01222848892211914
0.011790037155151367
0.009255409240722656
0.00798940658569336
0.011719226837158203
0.011163949966430664
0.028150081634521484
0.010497808456420898
0.0065746307373046875
0.017513036727905273
0.011537551879882812
0.01738595962524414
0.0020177364349365234
0.00905466079711914
0.027876853942871094
0.0
0.018873214721679688
0.007184267044067383
0.012404203414916992
0.018590211868286133
0.021558284759521484
0.017867565155029297
0.0
0.0
0.005447864532470703
0.00996255874633789
0.0
0.01516413688659668
0.004525184631347656
0.012323379516601562
0.008580207824707031
0.0045163631439208984
0.01590895652770996
0.00760340690612793
0.007665157318115234
0.008324623107910156
0.012824535369873047
0.0047113895416259766
0.010501861572265625
0.0
0.0
0.012053966522216797
0.0074574947357177734
0.0
0.016718387603759766
0.0070781707763671875
0.008598804473876953
0.004586696624755859
0.0
0.0
0.0
0.0
0.01938605308532715
0.0
0.01370859146118164
0.0039064884185791016
0.006222963333129883
0.016420364379882812
0.003641366958618164
0.0
0.002536296844482422
0.00498509407043457
0.0041429996490478516
0.011578083038330078
0.008384466171264648
0.0039331912994384766
0.00876474380493164
0.003499269485473633
0.004189014434814453
0.0
0.01488637924194336
0.0
0.0
0.009278297424316406
0.0063631534576416016
0.0
0.0
0.005274295806884766
0.008453607559204102
0.006777286529541016
0.0
0.0009963512420654297
0.00202178955078125
0.0
0.0
0.006081342697143555
0.0036199092864990234
0.010483741760253906
0.007486581802368164
0.0
0.005061626434326172
0.0
0.005211830139160156
0.0
0.00646519660949707
0.0
0.0036420822143554688
0.0041043758392333984
0.0
0.0
0.000997781753540039
