0.0
0.0
0.0
0.0
0.0
0.0
0.0
0.0
0.0
0.0
0.0
0.0
0.0
0.0
0.0
0.0
0.0
0.0
0.0
0.0
0.0
0.0
0.0
0.0
0.0
0.0
0.0
0.0
0.0
0.0
0.0
0.0
0.0
0.0
0.0
0.0
0.0
0.0
0.0
0.0
0.0
0.0
0.0
0.0
0.0
0.0
0.0
0.0
0.0
0.0
0.0
0.0
0.0
0.0
0.0
0.0
0.0
0.0
0.0
0.0
0.0
0.0
0.0
0.0
0.0
0.0
0.0
0.0
0.0
0.0
0.0
0.0
0.0
0.0
0.0
0.0
0.0
0.0
0.0
0.0
0.0
0.0
0.0
0.0
0.0
0.0
0.0
0.0
0.0
0.0
0.0
0.0
0.0
0.0
0.0
0.0
0.0
0.0
0.0
0.0
0.0
0.0
0.0
0.0
0.0
0.0
0.0
0.0
0.0
0.0
0.0
0.0
0.0
0.0
0.0
0.0
0.0
0.0
0.0
0.0
0.0
0.0
0.0
0.0
0.0
0.0
0.0
0.0
0.0
0.0
0.0
0.0
0.0
0.0
0.0
0.0
0.0
0.0
0.0
0.0
0.0
0.0
0.0
0.0
0.0
0.0
0.0
0.0
0.0
0.0
0.0
0.0
0.0
0.0
0.0
0.0
0.0
0.0
0.0
0.0
0.0
0.0
0.0
0.007206439971923828
0.0
0.0
0.0
0.0
0.0
0.0
0.0
0.0
0.0
0.0
0.0
0.0
0.0
0.0
0.0
0.00970005989074707
0.0
0.0
0.0
0.0
0.0
0.0
0.002003908157348633
0.0
0.0
0.0
0.0010008811950683594
0.0
0.0
0.00705409049987793
0.0
0.0
0.0
0.0
0.0
0.0
0.0
0.0
0.0
0.0
0.0
0.0020422935485839844
0.0
0.0
0.0
0.0015170574188232422
0.00563502311706543
0.0011785030364990234
0.0
0.0003197193145751953
0.005555152893066406
0.0
0.0
0.0
0.0
0.0
0.0
0.0011951923370361328
0.0
0.0
0.0
0.0
0.0016417503356933594
0.003865957260131836
0.0024487972259521484
0.002942323684692383
0.0029921531677246094
0.0009975433349609375
0.0
0.00441288948059082
0.0015904903411865234
0.002382516860961914
0.0
0.0009989738464355469
0.0017235279083251953
0.0
0.0
0.0
0.000997781753540039
0.0010001659393310547
0.0
0.0
0.0
0.0
0.000997781753540039
0.0
0.0
0.0
0.0
0.0
0.002058744430541992
0.0
0.0
0.0
0.0
0.0
0.0
0.005062103271484375
0.001577138900756836
0.0009946823120117188
0.001409292221069336
0.0
0.001584768295288086
0.01381993293762207
0.0
0.0
0.0009980201721191406
0.0
0.005720376968383789
0.0
0.0015053749084472656
0.0017952919006347656
0.0
0.0012204647064208984
0.0
0.0
0.0
0.0
0.0009846687316894531
0.0010006427764892578
0.0009942054748535156
0.0
0.0010018348693847656
0.0
0.0
0.0
0.0
0.016925334930419922
0.0015735626220703125
0.0
0.0
0.0
0.0
